454.0 0.0 7.0 4.0 7.0 8.0 6.0 1.0 5.0 9.0 0.0 9.0 4.0 4.0 2.0 2.0 8.0 3.0 2.0 1.0 8.0 7.0 6.0 9.0 8.0 7.0 2.0 8.0 2.0 8.0 2.0 0.0 3.0 5.0 8.0 0.0 0.0 2.0 5.0 9.0 3.0 7.0 0.0 1.0 4.0 6.0 2.0 1.0 0.0 6.0 3.0 8.0 4.0 1.0 6.0 5.0 2.0 5.0 9.0 2.0 3.0 9.0 6.0 0.0 1.0 9.0 2.0 3.0 9.0 1.0 1.0 9.0 9.0 2.0 8.0 1.0 6.0 6.0 7.0 5.0 6.0 6.0 6.0 5.0 9.0 0.0 0.0 1.0 5.0 6.0 3.0 4.0 4.0 9.0 5.0 6.0 2.0 7.0 7.0 5.0
9.0 442.0 3.0 0.0 1.0 8.0 8.0 9.0 0.0 5.0 3.0 3.0 2.0 0.0 9.0 2.0 9.0 5.0 7.0 9.0 3.0 7.0 0.0 6.0 9.0 5.0 3.0 3.0 0.0 5.0 3.0 4.0 4.0 3.0 8.0 2.0 5.0 5.0 5.0 1.0 5.0 6.0 3.0 3.0 3.0 8.0 2.0 3.0 9.0 9.0 3.0 0.0 4.0 9.0 5.0 8.0 6.0 8.0 7.0 2.0 3.0 7.0 8.0 2.0 3.0 3.0 7.0 9.0 9.0 8.0 3.0 3.0 1.0 7.0 4.0 6.0 3.0 6.0 5.0 0.0 2.0 2.0 8.0 6.0 0.0 3.0 1.0 4.0 8.0 2.0 4.0 0.0 1.0 6.0 6.0 1.0 5.0 5.0 4.0 1.0
5.0 7.0 481.0 3.0 8.0 0.0 8.0 4.0 2.0 3.0 7.0 9.0 2.0 1.0 2.0 8.0 1.0 2.0 0.0 3.0 9.0 4.0 7.0 8.0 0.0 8.0 2.0 9.0 3.0 9.0 8.0 6.0 7.0 8.0 7.0 8.0 6.0 2.0 8.0 6.0 2.0 4.0 7.0 6.0 4.0 5.0 5.0 5.0 4.0 9.0 6.0 8.0 2.0 8.0 6.0 3.0 0.0 4.0 9.0 0.0 6.0 4.0 2.0 1.0 2.0 6.0 6.0 1.0 9.0 7.0 7.0 4.0 2.0 3.0 0.0 3.0 9.0 2.0 5.0 0.0 5.0 6.0 1.0 1.0 5.0 3.0 9.0 8.0 9.0 2.0 6.0 7.0 4.0 2.0 6.0 8.0 6.0 6.0 1.0 8.0
2.0 0.0 9.0 475.0 6.0 4.0 2.0 0.0 6.0 6.0 0.0 3.0 8.0 6.0 1.0 5.0 0.0 5.0 2.0 6.0 0.0 2.0 0.0 5.0 0.0 5.0 1.0 7.0 5.0 2.0 3.0 8.0 5.0 4.0 6.0 4.0 7.0 8.0 9.0 9.0 2.0 8.0 4.0 6.0 3.0 1.0 7.0 6.0 7.0 0.0 6.0 4.0 9.0 5.0 8.0 0.0 9.0 4.0 4.0 1.0 7.0 4.0 8.0 9.0 5.0 7.0 3.0 2.0 6.0 9.0 7.0 8.0 9.0 5.0 7.0 2.0 6.0 7.0 9.0 6.0 7.0 0.0 3.0 8.0 4.0 1.0 7.0 5.0 0.0 6.0 7.0 0.0 6.0 1.0 2.0 7.0 5.0 4.0 8.0 4.0
6.0 0.0 8.0 3.0 452.0 9.0 5.0 9.0 7.0 1.0 2.0 4.0 4.0 2.0 3.0 3.0 9.0 3.0 5.0 9.0 4.0 4.0 9.0 3.0 1.0 9.0 4.0 8.0 6.0 9.0 3.0 5.0 4.0 3.0 1.0 1.0 5.0 3.0 2.0 5.0 9.0 8.0 4.0 2.0 1.0 6.0 1.0 3.0 8.0 6.0 5.0 8.0 0.0 2.0 5.0 2.0 4.0 2.0 4.0 5.0 9.0 7.0 3.0 0.0 4.0 0.0 5.0 0.0 0.0 9.0 9.0 2.0 4.0 4.0 3.0 7.0 7.0 4.0 7.0 1.0 6.0 4.0 4.0 7.0 1.0 0.0 4.0 4.0 9.0 3.0 4.0 4.0 6.0 5.0 9.0 4.0 3.0 0.0 9.0 9.0
5.0 1.0 6.0 2.0 6.0 463.0 3.0 9.0 7.0 8.0 1.0 5.0 5.0 1.0 0.0 6.0 5.0 1.0 6.0 9.0 4.0 3.0 3.0 8.0 6.0 5.0 3.0 2.0 9.0 1.0 3.0 1.0 0.0 5.0 3.0 0.0 5.0 2.0 2.0 2.0 5.0 9.0 7.0 6.0 7.0 7.0 3.0 1.0 7.0 0.0 9.0 2.0 1.0 8.0 5.0 5.0 8.0 3.0 2.0 6.0 4.0 8.0 1.0 6.0 0.0 3.0 9.0 2.0 9.0 5.0 9.0 0.0 8.0 6.0 8.0 9.0 2.0 3.0 3.0 7.0 0.0 8.0 5.0 4.0 6.0 8.0 0.0 5.0 3.0 6.0 8.0 7.0 4.0 1.0 3.0 5.0 9.0 7.0 9.0 0.0
9.0 4.0 1.0 3.0 8.0 0.0 460.0 1.0 2.0 2.0 5.0 2.0 6.0 9.0 3.0 8.0 4.0 0.0 1.0 4.0 8.0 3.0 6.0 5.0 4.0 2.0 6.0 1.0 2.0 3.0 1.0 9.0 7.0 2.0 6.0 5.0 9.0 9.0 1.0 3.0 8.0 8.0 5.0 9.0 4.0 1.0 5.0 7.0 3.0 2.0 6.0 5.0 1.0 8.0 1.0 3.0 8.0 3.0 7.0 6.0 0.0 1.0 2.0 3.0 5.0 8.0 0.0 6.0 3.0 1.0 0.0 2.0 8.0 9.0 1.0 8.0 8.0 9.0 7.0 6.0 7.0 1.0 5.0 4.0 9.0 6.0 5.0 3.0 6.0 4.0 5.0 6.0 7.0 1.0 7.0 9.0 9.0 0.0 1.0 7.0
6.0 5.0 3.0 5.0 4.0 9.0 0.0 434.0 2.0 6.0 4.0 0.0 1.0 3.0 6.0 4.0 9.0 4.0 7.0 0.0 0.0 4.0 4.0 7.0 2.0 4.0 5.0 9.0 9.0 8.0 1.0 8.0 7.0 6.0 1.0 7.0 0.0 9.0 2.0 4.0 2.0 8.0 3.0 8.0 4.0 4.0 9.0 7.0 4.0 8.0 4.0 6.0 0.0 8.0 6.0 9.0 9.0 4.0 3.0 4.0 7.0 5.0 5.0 2.0 0.0 3.0 4.0 3.0 6.0 0.0 3.0 4.0 0.0 3.0 7.0 1.0 2.0 1.0 7.0 1.0 7.0 0.0 9.0 2.0 5.0 9.0 5.0 1.0 1.0 0.0 1.0 8.0 0.0 3.0 3.0 9.0 4.0 8.0 8.0 1.0
1.0 8.0 5.0 9.0 1.0 8.0 7.0 8.0 459.0 0.0 3.0 2.0 4.0 1.0 5.0 6.0 6.0 2.0 0.0 8.0 2.0 3.0 7.0 0.0 8.0 2.0 6.0 5.0 8.0 1.0 6.0 3.0 9.0 9.0 7.0 0.0 5.0 2.0 5.0 0.0 4.0 6.0 3.0 3.0 6.0 8.0 6.0 1.0 7.0 7.0 5.0 4.0 8.0 3.0 2.0 5.0 1.0 5.0 4.0 5.0 5.0 7.0 6.0 0.0 2.0 2.0 8.0 9.0 1.0 9.0 5.0 7.0 8.0 8.0 1.0 2.0 4.0 9.0 4.0 8.0 1.0 8.0 0.0 0.0 4.0 4.0 1.0 2.0 4.0 7.0 1.0 9.0 8.0 9.0 2.0 6.0 0.0 2.0 9.0 8.0
4.0 2.0 6.0 8.0 5.0 8.0 1.0 4.0 5.0 498.0 6.0 4.0 9.0 6.0 6.0 5.0 2.0 3.0 9.0 0.0 0.0 2.0 0.0 6.0 7.0 9.0 6.0 5.0 1.0 1.0 0.0 3.0 3.0 4.0 1.0 5.0 7.0 8.0 9.0 4.0 4.0 3.0 1.0 2.0 9.0 1.0 9.0 9.0 8.0 7.0 5.0 8.0 7.0 4.0 9.0 7.0 3.0 5.0 8.0 4.0 5.0 9.0 8.0 5.0 1.0 3.0 3.0 5.0 9.0 4.0 0.0 6.0 1.0 7.0 2.0 9.0 6.0 1.0 7.0 9.0 5.0 2.0 3.0 9.0 6.0 4.0 6.0 6.0 7.0 8.0 6.0 9.0 3.0 6.0 8.0 0.0 4.0 5.0 9.0 2.0
4.0 7.0 3.0 0.0 9.0 9.0 6.0 2.0 3.0 5.0 450.0 9.0 6.0 5.0 8.0 4.0 9.0 8.0 5.0 9.0 5.0 5.0 1.0 7.0 3.0 3.0 2.0 1.0 9.0 5.0 9.0 7.0 4.0 2.0 8.0 2.0 0.0 8.0 7.0 3.0 6.0 3.0 9.0 8.0 5.0 5.0 1.0 4.0 1.0 9.0 1.0 4.0 0.0 8.0 2.0 9.0 3.0 9.0 2.0 3.0 9.0 0.0 6.0 5.0 3.0 9.0 5.0 6.0 0.0 1.0 1.0 4.0 1.0 3.0 3.0 4.0 2.0 0.0 6.0 1.0 6.0 3.0 2.0 3.0 8.0 4.0 5.0 0.0 1.0 6.0 7.0 0.0 5.0 6.0 1.0 3.0 2.0 4.0 8.0 6.0
1.0 0.0 3.0 6.0 4.0 5.0 2.0 8.0 5.0 0.0 8.0 443.0 9.0 6.0 4.0 8.0 4.0 0.0 1.0 9.0 3.0 0.0 2.0 8.0 8.0 6.0 4.0 8.0 9.0 2.0 1.0 0.0 9.0 1.0 3.0 1.0 1.0 3.0 8.0 0.0 9.0 2.0 8.0 5.0 1.0 9.0 8.0 7.0 2.0 0.0 0.0 1.0 0.0 2.0 6.0 5.0 0.0 3.0 0.0 9.0 2.0 9.0 5.0 4.0 3.0 3.0 1.0 9.0 3.0 7.0 1.0 4.0 9.0 9.0 2.0 1.0 4.0 9.0 6.0 4.0 8.0 4.0 3.0 3.0 2.0 9.0 8.0 8.0 8.0 7.0 0.0 7.0 9.0 7.0 6.0 0.0 5.0 1.0 7.0 9.0
4.0 3.0 9.0 6.0 5.0 9.0 4.0 8.0 2.0 4.0 4.0 9.0 448.0 1.0 5.0 2.0 5.0 9.0 3.0 6.0 5.0 0.0 8.0 3.0 8.0 1.0 0.0 5.0 2.0 2.0 8.0 7.0 0.0 6.0 5.0 2.0 3.0 9.0 1.0 5.0 7.0 0.0 8.0 1.0 7.0 4.0 6.0 7.0 7.0 2.0 6.0 2.0 4.0 5.0 5.0 8.0 1.0 0.0 6.0 8.0 7.0 8.0 5.0 4.0 3.0 1.0 1.0 4.0 0.0 0.0 5.0 2.0 9.0 8.0 1.0 1.0 3.0 7.0 5.0 7.0 8.0 0.0 1.0 7.0 6.0 7.0 0.0 9.0 9.0 0.0 2.0 3.0 4.0 3.0 9.0 1.0 5.0 9.0 3.0 8.0
4.0 4.0 0.0 8.0 7.0 6.0 4.0 3.0 5.0 7.0 5.0 7.0 3.0 505.0 2.0 9.0 4.0 8.0 7.0 5.0 0.0 5.0 4.0 3.0 8.0 4.0 2.0 3.0 5.0 3.0 6.0 3.0 4.0 9.0 4.0 5.0 5.0 1.0 7.0 0.0 0.0 9.0 5.0 2.0 0.0 5.0 8.0 8.0 8.0 5.0 9.0 5.0 8.0 8.0 5.0 5.0 9.0 0.0 9.0 1.0 3.0 8.0 6.0 1.0 7.0 2.0 9.0 8.0 5.0 5.0 4.0 2.0 5.0 9.0 8.0 9.0 8.0 3.0 9.0 2.0 9.0 5.0 3.0 2.0 7.0 7.0 9.0 9.0 0.0 0.0 7.0 0.0 7.0 4.0 9.0 5.0 5.0 6.0 0.0 4.0
5.0 8.0 7.0 9.0 4.0 9.0 0.0 0.0 2.0 8.0 0.0 0.0 0.0 0.0 423.0 2.0 5.0 7.0 4.0 2.0 5.0 8.0 8.0 6.0 5.0 2.0 2.0 1.0 3.0 5.0 9.0 0.0 8.0 1.0 4.0 2.0 0.0 2.0 9.0 0.0 1.0 9.0 7.0 6.0 2.0 6.0 4.0 8.0 5.0 7.0 5.0 8.0 4.0 6.0 5.0 7.0 9.0 2.0 1.0 1.0 8.0 6.0 0.0 3.0 2.0 6.0 3.0 3.0 2.0 1.0 6.0 9.0 2.0 8.0 0.0 9.0 4.0 0.0 1.0 6.0 3.0 0.0 6.0 5.0 6.0 5.0 1.0 1.0 2.0 0.0 2.0 4.0 9.0 3.0 6.0 8.0 7.0 4.0 9.0 3.0
3.0 6.0 2.0 3.0 3.0 5.0 0.0 5.0 4.0 1.0 0.0 0.0 1.0 1.0 1.0 444.0 1.0 0.0 2.0 8.0 0.0 9.0 4.0 0.0 1.0 4.0 8.0 6.0 9.0 8.0 5.0 0.0 2.0 2.0 2.0 3.0 9.0 5.0 1.0 3.0 5.0 3.0 8.0 9.0 1.0 9.0 9.0 4.0 5.0 9.0 1.0 1.0 9.0 9.0 5.0 6.0 3.0 3.0 6.0 9.0 8.0 2.0 1.0 2.0 1.0 5.0 9.0 5.0 4.0 3.0 5.0 3.0 4.0 2.0 0.0 5.0 9.0 7.0 0.0 2.0 5.0 8.0 1.0 7.0 5.0 5.0 5.0 9.0 8.0 4.0 7.0 8.0 1.0 4.0 9.0 7.0 5.0 5.0 9.0 7.0
6.0 7.0 8.0 9.0 2.0 1.0 9.0 4.0 5.0 4.0 2.0 5.0 0.0 4.0 8.0 1.0 459.0 8.0 6.0 7.0 8.0 5.0 2.0 7.0 1.0 8.0 9.0 9.0 4.0 8.0 1.0 0.0 8.0 5.0 2.0 7.0 6.0 9.0 3.0 3.0 2.0 9.0 0.0 1.0 0.0 2.0 9.0 3.0 1.0 6.0 5.0 4.0 4.0 0.0 6.0 3.0 4.0 3.0 0.0 0.0 6.0 8.0 8.0 5.0 4.0 8.0 0.0 7.0 6.0 1.0 0.0 3.0 8.0 2.0 8.0 2.0 7.0 4.0 9.0 2.0 2.0 1.0 6.0 6.0 7.0 7.0 5.0 8.0 3.0 6.0 2.0 2.0 9.0 3.0 8.0 7.0 4.0 2.0 1.0 5.0
5.0 1.0 8.0 9.0 5.0 4.0 4.0 2.0 5.0 7.0 7.0 4.0 6.0 7.0 3.0 5.0 3.0 498.0 2.0 7.0 1.0 3.0 9.0 8.0 1.0 3.0 1.0 1.0 4.0 2.0 1.0 7.0 7.0 3.0 8.0 6.0 8.0 4.0 2.0 5.0 7.0 4.0 0.0 8.0 6.0 9.0 1.0 9.0 9.0 6.0 0.0 6.0 0.0 8.0 2.0 2.0 5.0 8.0 2.0 6.0 8.0 3.0 8.0 3.0 6.0 8.0 6.0 3.0 2.0 5.0 8.0 9.0 6.0 7.0 2.0 6.0 9.0 1.0 4.0 8.0 5.0 3.0 9.0 4.0 7.0 7.0 5.0 1.0 5.0 2.0 3.0 9.0 8.0 7.0 2.0 5.0 6.0 1.0 6.0 9.0
1.0 2.0 1.0 9.0 8.0 0.0 1.0 1.0 2.0 9.0 5.0 2.0 7.0 0.0 4.0 5.0 8.0 9.0 369.0 3.0 8.0 2.0 6.0 8.0 4.0 2.0 1.0 3.0 0.0 1.0 1.0 2.0 4.0 4.0 0.0 7.0 3.0 0.0 2.0 0.0 1.0 3.0 8.0 9.0 6.0 2.0 2.0 2.0 8.0 1.0 1.0 6.0 1.0 4.0 3.0 4.0 9.0 2.0 2.0 7.0 4.0 2.0 0.0 7.0 5.0 0.0 9.0 0.0 2.0 6.0 0.0 2.0 9.0 1.0 3.0 8.0 1.0 1.0 1.0 6.0 4.0 1.0 5.0 5.0 5.0 3.0 4.0 7.0 5.0 4.0 3.0 9.0 0.0 0.0 2.0 6.0 0.0 5.0 6.0 4.0
1.0 0.0 2.0 0.0 2.0 1.0 2.0 2.0 4.0 3.0 6.0 6.0 5.0 0.0 8.0 8.0 3.0 4.0 9.0 404.0 8.0 0.0 4.0 5.0 1.0 0.0 0.0 6.0 0.0 8.0 5.0 4.0 6.0 1.0 8.0 3.0 2.0 8.0 3.0 3.0 0.0 5.0 6.0 9.0 9.0 8.0 6.0 2.0 5.0 7.0 2.0 2.0 2.0 2.0 0.0 8.0 8.0 8.0 2.0 5.0 7.0 7.0 6.0 6.0 2.0 9.0 7.0 4.0 2.0 4.0 5.0 8.0 2.0 0.0 7.0 6.0 1.0 7.0 8.0 4.0 2.0 6.0 3.0 1.0 0.0 6.0 5.0 2.0 3.0 1.0 5.0 4.0 4.0 3.0 0.0 0.0 3.0 7.0 0.0 2.0
4.0 5.0 6.0 1.0 3.0 4.0 4.0 6.0 1.0 4.0 6.0 6.0 9.0 2.0 4.0 4.0 0.0 2.0 5.0 6.0 398.0 6.0 0.0 9.0 2.0 2.0 6.0 8.0 4.0 8.0 1.0 0.0 7.0 0.0 7.0 5.0 0.0 6.0 4.0 8.0 3.0 9.0 1.0 0.0 0.0 2.0 7.0 3.0 1.0 0.0 7.0 9.0 7.0 3.0 1.0 1.0 0.0 0.0 4.0 2.0 1.0 4.0 1.0 9.0 0.0 7.0 4.0 0.0 8.0 1.0 2.0 9.0 9.0 5.0 3.0 2.0 6.0 2.0 2.0 0.0 0.0 5.0 8.0 5.0 1.0 3.0 8.0 8.0 1.0 6.0 2.0 2.0 5.0 8.0 3.0 4.0 3.0 4.0 9.0 5.0
9.0 3.0 4.0 4.0 1.0 0.0 6.0 8.0 3.0 9.0 4.0 2.0 6.0 1.0 7.0 5.0 5.0 4.0 8.0 1.0 5.0 422.0 2.0 6.0 7.0 6.0 0.0 0.0 2.0 5.0 3.0 2.0 0.0 6.0 5.0 0.0 6.0 6.0 4.0 2.0 8.0 0.0 7.0 0.0 0.0 2.0 0.0 6.0 7.0 9.0 9.0 1.0 3.0 9.0 0.0 4.0 3.0 8.0 0.0 6.0 6.0 8.0 8.0 1.0 1.0 7.0 4.0 1.0 0.0 0.0 3.0 4.0 7.0 9.0 9.0 1.0 2.0 6.0 4.0 6.0 5.0 8.0 1.0 1.0 5.0 8.0 5.0 2.0 0.0 5.0 8.0 4.0 9.0 3.0 0.0 4.0 2.0 9.0 9.0 6.0
9.0 3.0 0.0 0.0 8.0 7.0 1.0 2.0 1.0 8.0 7.0 5.0 1.0 0.0 2.0 0.0 5.0 5.0 9.0 0.0 4.0 8.0 470.0 7.0 7.0 3.0 9.0 1.0 5.0 4.0 9.0 5.0 9.0 5.0 6.0 0.0 0.0 0.0 8.0 2.0 9.0 1.0 6.0 9.0 6.0 0.0 6.0 1.0 5.0 0.0 4.0 4.0 9.0 9.0 3.0 8.0 4.0 2.0 8.0 2.0 4.0 3.0 5.0 8.0 4.0 6.0 9.0 1.0 3.0 4.0 2.0 6.0 0.0 5.0 3.0 8.0 3.0 8.0 1.0 7.0 9.0 5.0 7.0 1.0 3.0 9.0 4.0 6.0 8.0 6.0 5.0 5.0 9.0 9.0 1.0 6.0 7.0 9.0 6.0 0.0
6.0 3.0 2.0 9.0 3.0 7.0 8.0 8.0 2.0 7.0 1.0 7.0 6.0 1.0 2.0 4.0 0.0 7.0 1.0 9.0 7.0 3.0 2.0 429.0 1.0 6.0 2.0 3.0 6.0 0.0 4.0 9.0 3.0 7.0 7.0 0.0 2.0 1.0 0.0 1.0 1.0 3.0 0.0 6.0 0.0 3.0 1.0 3.0 3.0 9.0 6.0 2.0 4.0 0.0 6.0 3.0 9.0 6.0 1.0 1.0 1.0 5.0 2.0 5.0 9.0 4.0 8.0 9.0 4.0 7.0 3.0 2.0 5.0 6.0 8.0 4.0 7.0 3.0 5.0 3.0 8.0 2.0 9.0 3.0 7.0 2.0 7.0 6.0 1.0 2.0 4.0 7.0 6.0 3.0 6.0 2.0 7.0 7.0 8.0 0.0
8.0 8.0 7.0 8.0 4.0 7.0 1.0 4.0 1.0 3.0 6.0 6.0 6.0 2.0 4.0 3.0 8.0 7.0 1.0 0.0 3.0 9.0 4.0 2.0 454.0 7.0 6.0 1.0 3.0 8.0 7.0 8.0 0.0 9.0 6.0 9.0 3.0 7.0 1.0 8.0 4.0 5.0 6.0 2.0 8.0 5.0 7.0 9.0 1.0 4.0 1.0 3.0 8.0 5.0 6.0 1.0 4.0 9.0 4.0 6.0 0.0 4.0 5.0 3.0 2.0 2.0 3.0 2.0 1.0 3.0 4.0 5.0 1.0 8.0 0.0 8.0 1.0 9.0 4.0 8.0 0.0 7.0 5.0 4.0 4.0 1.0 8.0 9.0 6.0 1.0 1.0 0.0 5.0 8.0 7.0 2.0 7.0 3.0 1.0 4.0
2.0 3.0 0.0 5.0 4.0 1.0 2.0 8.0 2.0 8.0 5.0 1.0 2.0 6.0 9.0 3.0 2.0 7.0 3.0 3.0 7.0 0.0 2.0 1.0 3.0 467.0 6.0 6.0 3.0 9.0 7.0 5.0 3.0 7.0 1.0 9.0 9.0 2.0 6.0 1.0 5.0 4.0 2.0 9.0 3.0 0.0 6.0 1.0 9.0 3.0 4.0 8.0 1.0 9.0 0.0 5.0 1.0 9.0 1.0 7.0 2.0 8.0 5.0 6.0 6.0 4.0 8.0 3.0 8.0 1.0 9.0 9.0 7.0 8.0 3.0 9.0 1.0 0.0 8.0 2.0 9.0 3.0 7.0 1.0 8.0 6.0 7.0 4.0 5.0 2.0 1.0 2.0 2.0 4.0 6.0 9.0 9.0 7.0 9.0 5.0
5.0 5.0 1.0 4.0 9.0 1.0 8.0 3.0 2.0 8.0 9.0 5.0 5.0 1.0 1.0 7.0 4.0 7.0 8.0 8.0 8.0 1.0 6.0 7.0 3.0 4.0 469.0 0.0 8.0 1.0 8.0 8.0 5.0 7.0 0.0 2.0 6.0 0.0 7.0 8.0 6.0 0.0 9.0 5.0 9.0 5.0 5.0 0.0 4.0 2.0 4.0 1.0 4.0 0.0 3.0 7.0 3.0 5.0 6.0 9.0 7.0 8.0 4.0 7.0 8.0 5.0 7.0 3.0 9.0 1.0 9.0 2.0 7.0 3.0 5.0 4.0 5.0 1.0 6.0 1.0 0.0 8.0 3.0 7.0 7.0 6.0 6.0 1.0 2.0 5.0 1.0 8.0 1.0 0.0 4.0 9.0 3.0 1.0 6.0 7.0
2.0 8.0 0.0 0.0 0.0 7.0 8.0 8.0 6.0 7.0 9.0 6.0 2.0 4.0 1.0 8.0 9.0 2.0 0.0 4.0 9.0 6.0 4.0 1.0 6.0 8.0 3.0 460.0 5.0 1.0 5.0 9.0 4.0 9.0 2.0 4.0 5.0 4.0 9.0 3.0 1.0 9.0 8.0 0.0 6.0 6.0 8.0 4.0 8.0 8.0 0.0 7.0 6.0 7.0 9.0 8.0 7.0 5.0 3.0 4.0 1.0 8.0 4.0 7.0 2.0 7.0 2.0 9.0 2.0 3.0 0.0 3.0 0.0 0.0 7.0 9.0 2.0 2.0 0.0 2.0 7.0 0.0 4.0 9.0 5.0 0.0 5.0 5.0 5.0 5.0 7.0 3.0 0.0 9.0 5.0 2.0 5.0 3.0 3.0 3.0
1.0 5.0 8.0 6.0 6.0 8.0 9.0 8.0 5.0 2.0 6.0 2.0 8.0 5.0 4.0 7.0 1.0 1.0 8.0 6.0 7.0 6.0 8.0 4.0 4.0 4.0 7.0 2.0 397.0 2.0 0.0 6.0 8.0 8.0 6.0 4.0 0.0 0.0 7.0 0.0 1.0 5.0 6.0 3.0 8.0 2.0 0.0 5.0 2.0 1.0 3.0 1.0 0.0 1.0 2.0 3.0 4.0 3.0 7.0 9.0 5.0 7.0 7.0 1.0 6.0 0.0 0.0 2.0 7.0 1.0 4.0 8.0 4.0 4.0 1.0 5.0 0.0 6.0 8.0 0.0 7.0 3.0 2.0 0.0 0.0 7.0 0.0 1.0 8.0 3.0 1.0 6.0 1.0 0.0 4.0 2.0 5.0 9.0 2.0 5.0
2.0 3.0 1.0 9.0 0.0 9.0 3.0 1.0 7.0 9.0 6.0 0.0 0.0 3.0 3.0 9.0 8.0 6.0 9.0 9.0 0.0 2.0 5.0 7.0 3.0 3.0 5.0 5.0 9.0 469.0 2.0 3.0 2.0 6.0 0.0 2.0 5.0 6.0 2.0 1.0 6.0 5.0 6.0 2.0 9.0 7.0 7.0 7.0 7.0 3.0 4.0 8.0 3.0 8.0 1.0 7.0 2.0 8.0 3.0 9.0 2.0 4.0 4.0 3.0 7.0 5.0 3.0 6.0 4.0 2.0 3.0 2.0 7.0 7.0 0.0 8.0 4.0 0.0 4.0 8.0 9.0 5.0 5.0 6.0 7.0 7.0 7.0 1.0 3.0 0.0 0.0 9.0 6.0 3.0 7.0 0.0 8.0 9.0 9.0 6.0
7.0 6.0 4.0 7.0 7.0 6.0 4.0 3.0 0.0 0.0 6.0 9.0 5.0 6.0 2.0 0.0 3.0 7.0 6.0 9.0 5.0 0.0 5.0 6.0 0.0 7.0 4.0 0.0 2.0 8.0 476.0 3.0 9.0 8.0 7.0 2.0 5.0 8.0 6.0 1.0 3.0 2.0 7.0 0.0 3.0 6.0 8.0 3.0 8.0 0.0 1.0 0.0 8.0 3.0 6.0 5.0 4.0 5.0 5.0 6.0 8.0 7.0 2.0 4.0 7.0 6.0 0.0 1.0 3.0 9.0 0.0 3.0 2.0 6.0 0.0 2.0 8.0 6.0 0.0 6.0 9.0 6.0 6.0 1.0 5.0 7.0 6.0 6.0 8.0 4.0 6.0 8.0 9.0 9.0 5.0 8.0 8.0 6.0 6.0 2.0
6.0 7.0 8.0 9.0 5.0 2.0 1.0 9.0 8.0 3.0 9.0 1.0 7.0 4.0 7.0 2.0 9.0 2.0 4.0 6.0 4.0 0.0 9.0 6.0 7.0 4.0 2.0 6.0 1.0 3.0 9.0 435.0 0.0 8.0 0.0 6.0 4.0 5.0 6.0 4.0 7.0 4.0 4.0 3.0 0.0 1.0 2.0 9.0 2.0 3.0 6.0 5.0 0.0 5.0 8.0 8.0 7.0 4.0 6.0 7.0 0.0 0.0 5.0 6.0 0.0 0.0 1.0 1.0 6.0 4.0 4.0 4.0 1.0 1.0 9.0 0.0 1.0 0.0 3.0 5.0 0.0 9.0 5.0 2.0 7.0 9.0 2.0 0.0 6.0 4.0 2.0 5.0 2.0 7.0 9.0 7.0 8.0 2.0 2.0 5.0
1.0 9.0 9.0 7.0 3.0 6.0 1.0 7.0 2.0 2.0 7.0 1.0 4.0 7.0 4.0 2.0 3.0 7.0 3.0 4.0 3.0 9.0 2.0 5.0 1.0 8.0 9.0 4.0 4.0 7.0 3.0 5.0 457.0 4.0 5.0 9.0 1.0 6.0 1.0 7.0 5.0 6.0 0.0 7.0 6.0 5.0 4.0 3.0 8.0 4.0 6.0 8.0 5.0 7.0 5.0 1.0 9.0 0.0 1.0 7.0 9.0 5.0 3.0 2.0 4.0 4.0 1.0 4.0 4.0 3.0 7.0 6.0 0.0 6.0 0.0 3.0 9.0 7.0 1.0 6.0 6.0 2.0 5.0 4.0 0.0 5.0 4.0 2.0 7.0 8.0 3.0 1.0 7.0 2.0 8.0 3.0 8.0 7.0 7.0 2.0
7.0 8.0 2.0 6.0 2.0 8.0 4.0 7.0 2.0 6.0 4.0 9.0 5.0 5.0 2.0 4.0 1.0 0.0 3.0 4.0 4.0 2.0 8.0 5.0 7.0 2.0 3.0 5.0 9.0 9.0 5.0 8.0 3.0 438.0 3.0 2.0 3.0 7.0 8.0 4.0 2.0 9.0 8.0 2.0 9.0 4.0 5.0 2.0 2.0 0.0 5.0 2.0 4.0 2.0 9.0 3.0 1.0 3.0 1.0 1.0 3.0 1.0 8.0 3.0 4.0 9.0 8.0 2.0 0.0 6.0 4.0 4.0 1.0 6.0 1.0 8.0 6.0 3.0 4.0 4.0 9.0 7.0 3.0 7.0 2.0 2.0 7.0 8.0 2.0 7.0 7.0 3.0 1.0 8.0 4.0 3.0 1.0 2.0 6.0 2.0
6.0 5.0 7.0 0.0 6.0 9.0 6.0 8.0 9.0 4.0 2.0 4.0 2.0 8.0 3.0 4.0 4.0 5.0 4.0 2.0 3.0 5.0 5.0 4.0 7.0 4.0 3.0 2.0 7.0 4.0 8.0 1.0 4.0 2.0 443.0 0.0 5.0 7.0 0.0 7.0 0.0 6.0 0.0 4.0 7.0 6.0 4.0 6.0 3.0 4.0 2.0 0.0 8.0 4.0 2.0 2.0 3.0 3.0 7.0 8.0 3.0 9.0 8.0 7.0 7.0 0.0 6.0 7.0 2.0 9.0 5.0 8.0 3.0 0.0 0.0 5.0 7.0 9.0 7.0 4.0 1.0 1.0 5.0 0.0 6.0 6.0 7.0 8.0 9.0 8.0 3.0 2.0 0.0 1.0 1.0 1.0 9.0 5.0 7.0 1.0
9.0 0.0 2.0 8.0 7.0 8.0 2.0 3.0 2.0 2.0 4.0 5.0 1.0 4.0 4.0 1.0 6.0 7.0 4.0 2.0 9.0 3.0 1.0 6.0 1.0 7.0 8.0 1.0 5.0 5.0 2.0 0.0 7.0 0.0 8.0 440.0 4.0 8.0 0.0 3.0 5.0 1.0 2.0 0.0 2.0 6.0 8.0 5.0 7.0 7.0 8.0 7.0 8.0 8.0 3.0 5.0 0.0 8.0 0.0 2.0 1.0 3.0 7.0 8.0 6.0 3.0 3.0 9.0 6.0 5.0 0.0 9.0 7.0 0.0 8.0 6.0 2.0 1.0 2.0 2.0 6.0 0.0 2.0 7.0 0.0 9.0 8.0 3.0 6.0 6.0 7.0 2.0 9.0 2.0 1.0 9.0 0.0 4.0 8.0 6.0
7.0 2.0 3.0 6.0 2.0 1.0 1.0 2.0 7.0 7.0 4.0 6.0 5.0 2.0 5.0 5.0 7.0 2.0 4.0 9.0 5.0 7.0 3.0 8.0 1.0 6.0 8.0 7.0 2.0 6.0 8.0 4.0 9.0 3.0 7.0 8.0 427.0 0.0 7.0 1.0 4.0 4.0 0.0 3.0 9.0 8.0 5.0 5.0 5.0 5.0 7.0 3.0 3.0 0.0 0.0 5.0 4.0 1.0 6.0 4.0 9.0 9.0 3.0 0.0 4.0 0.0 3.0 5.0 7.0 7.0 6.0 9.0 3.0 8.0 0.0 1.0 2.0 0.0 6.0 4.0 4.0 2.0 4.0 1.0 0.0 6.0 1.0 4.0 4.0 6.0 0.0 2.0 3.0 5.0 4.0 2.0 4.0 4.0 9.0 1.0
3.0 8.0 8.0 7.0 0.0 9.0 9.0 2.0 4.0 9.0 5.0 7.0 9.0 5.0 7.0 1.0 3.0 6.0 6.0 2.0 1.0 3.0 6.0 5.0 8.0 2.0 4.0 7.0 6.0 9.0 7.0 5.0 4.0 5.0 8.0 7.0 3.0 494.0 9.0 8.0 7.0 0.0 8.0 5.0 6.0 0.0 4.0 1.0 1.0 2.0 1.0 8.0 5.0 7.0 8.0 9.0 2.0 4.0 4.0 3.0 2.0 9.0 8.0 8.0 9.0 4.0 4.0 4.0 2.0 8.0 8.0 3.0 5.0 9.0 3.0 1.0 1.0 9.0 6.0 3.0 9.0 4.0 5.0 7.0 2.0 2.0 2.0 2.0 6.0 3.0 6.0 3.0 2.0 5.0 0.0 8.0 7.0 2.0 8.0 2.0
5.0 8.0 1.0 2.0 7.0 5.0 2.0 2.0 4.0 2.0 7.0 5.0 0.0 1.0 5.0 6.0 5.0 6.0 2.0 6.0 9.0 4.0 4.0 5.0 0.0 4.0 5.0 3.0 8.0 5.0 7.0 6.0 2.0 1.0 0.0 1.0 3.0 8.0 450.0 9.0 5.0 6.0 5.0 5.0 1.0 6.0 4.0 8.0 1.0 4.0 7.0 2.0 1.0 0.0 8.0 8.0 6.0 8.0 5.0 2.0 9.0 8.0 4.0 3.0 8.0 3.0 9.0 7.0 6.0 2.0 4.0 0.0 1.0 3.0 7.0 1.0 7.0 4.0 3.0 4.0 6.0 5.0 6.0 0.0 6.0 9.0 7.0 9.0 9.0 1.0 6.0 4.0 5.0 4.0 8.0 0.0 1.0 7.0 6.0 0.0
9.0 7.0 3.0 4.0 4.0 3.0 5.0 1.0 0.0 9.0 6.0 5.0 9.0 7.0 9.0 7.0 1.0 5.0 3.0 1.0 5.0 9.0 5.0 7.0 3.0 3.0 0.0 1.0 5.0 5.0 4.0 9.0 1.0 7.0 5.0 5.0 4.0 3.0 7.0 464.0 5.0 9.0 7.0 9.0 5.0 6.0 8.0 3.0 6.0 8.0 4.0 9.0 4.0 3.0 5.0 4.0 2.0 3.0 2.0 0.0 2.0 7.0 9.0 2.0 1.0 6.0 9.0 2.0 1.0 6.0 0.0 0.0 5.0 3.0 9.0 5.0 2.0 1.0 7.0 9.0 8.0 0.0 3.0 8.0 4.0 0.0 6.0 0.0 4.0 1.0 8.0 2.0 8.0 0.0 9.0 6.0 9.0 3.0 6.0 1.0
7.0 0.0 4.0 8.0 9.0 9.0 9.0 1.0 3.0 4.0 0.0 3.0 2.0 3.0 3.0 5.0 7.0 4.0 6.0 1.0 4.0 6.0 1.0 8.0 6.0 7.0 3.0 8.0 4.0 9.0 4.0 5.0 2.0 5.0 5.0 4.0 0.0 8.0 6.0 2.0 430.0 9.0 2.0 6.0 4.0 8.0 3.0 1.0 8.0 5.0 1.0 8.0 7.0 2.0 3.0 1.0 4.0 4.0 1.0 4.0 1.0 7.0 2.0 0.0 1.0 1.0 3.0 1.0 4.0 3.0 5.0 6.0 8.0 1.0 0.0 9.0 7.0 1.0 6.0 5.0 9.0 2.0 3.0 1.0 8.0 6.0 0.0 6.0 8.0 7.0 4.0 2.0 7.0 3.0 3.0 3.0 4.0 7.0 4.0 1.0
8.0 0.0 8.0 6.0 2.0 9.0 0.0 0.0 8.0 1.0 8.0 8.0 4.0 8.0 5.0 6.0 6.0 1.0 2.0 3.0 4.0 8.0 0.0 6.0 6.0 1.0 4.0 0.0 9.0 8.0 1.0 3.0 3.0 8.0 4.0 3.0 3.0 9.0 2.0 3.0 6.0 430.0 2.0 5.0 1.0 1.0 5.0 0.0 5.0 3.0 8.0 0.0 9.0 2.0 7.0 2.0 7.0 2.0 1.0 2.0 8.0 6.0 1.0 8.0 6.0 7.0 0.0 4.0 5.0 5.0 4.0 2.0 2.0 1.0 4.0 8.0 2.0 3.0 7.0 9.0 0.0 0.0 9.0 8.0 5.0 6.0 3.0 0.0 6.0 6.0 6.0 0.0 5.0 3.0 0.0 8.0 0.0 8.0 4.0 8.0
9.0 2.0 0.0 9.0 0.0 0.0 1.0 0.0 2.0 4.0 0.0 2.0 2.0 7.0 4.0 3.0 5.0 6.0 8.0 8.0 5.0 0.0 3.0 5.0 7.0 4.0 4.0 5.0 9.0 1.0 3.0 8.0 7.0 2.0 1.0 3.0 5.0 3.0 2.0 5.0 9.0 9.0 424.0 7.0 2.0 7.0 1.0 4.0 4.0 4.0 3.0 6.0 6.0 1.0 5.0 0.0 6.0 9.0 7.0 1.0 0.0 5.0 2.0 3.0 9.0 1.0 5.0 3.0 3.0 6.0 3.0 2.0 2.0 3.0 8.0 8.0 9.0 4.0 1.0 1.0 6.0 1.0 1.0 0.0 3.0 1.0 6.0 6.0 0.0 8.0 9.0 4.0 8.0 7.0 5.0 8.0 5.0 2.0 8.0 7.0
8.0 1.0 6.0 7.0 6.0 4.0 4.0 5.0 9.0 1.0 9.0 9.0 7.0 4.0 4.0 3.0 3.0 1.0 4.0 8.0 5.0 3.0 1.0 6.0 8.0 9.0 3.0 2.0 2.0 6.0 1.0 8.0 5.0 9.0 5.0 9.0 2.0 8.0 0.0 0.0 3.0 3.0 9.0 466.0 0.0 1.0 9.0 4.0 2.0 5.0 6.0 3.0 5.0 2.0 0.0 5.0 3.0 4.0 3.0 4.0 6.0 1.0 8.0 9.0 9.0 3.0 4.0 2.0 9.0 4.0 7.0 6.0 8.0 2.0 8.0 1.0 1.0 0.0 5.0 9.0 9.0 8.0 3.0 8.0 1.0 1.0 1.0 5.0 3.0 6.0 9.0 5.0 0.0 9.0 5.0 6.0 2.0 5.0 4.0 6.0
3.0 4.0 7.0 1.0 1.0 0.0 1.0 5.0 4.0 9.0 5.0 9.0 7.0 4.0 4.0 5.0 9.0 5.0 2.0 4.0 9.0 7.0 0.0 0.0 9.0 3.0 3.0 2.0 5.0 7.0 0.0 8.0 7.0 6.0 0.0 8.0 1.0 6.0 4.0 3.0 9.0 1.0 7.0 0.0 441.0 6.0 7.0 9.0 2.0 0.0 1.0 1.0 9.0 8.0 5.0 4.0 8.0 0.0 0.0 5.0 1.0 4.0 7.0 0.0 1.0 4.0 6.0 1.0 3.0 5.0 4.0 8.0 8.0 7.0 9.0 5.0 7.0 3.0 5.0 2.0 3.0 0.0 4.0 3.0 3.0 8.0 6.0 1.0 2.0 8.0 0.0 6.0 9.0 5.0 5.0 8.0 3.0 8.0 7.0 0.0
9.0 5.0 8.0 7.0 2.0 9.0 5.0 4.0 4.0 5.0 7.0 5.0 5.0 9.0 8.0 4.0 7.0 4.0 6.0 4.0 9.0 7.0 6.0 5.0 8.0 2.0 1.0 5.0 2.0 2.0 0.0 7.0 0.0 5.0 2.0 3.0 3.0 1.0 4.0 4.0 7.0 5.0 1.0 4.0 3.0 463.0 8.0 1.0 1.0 8.0 0.0 9.0 4.0 4.0 6.0 5.0 9.0 6.0 8.0 8.0 0.0 4.0 0.0 9.0 5.0 3.0 1.0 7.0 8.0 2.0 9.0 3.0 3.0 9.0 2.0 2.0 5.0 4.0 9.0 2.0 6.0 4.0 0.0 1.0 7.0 3.0 8.0 8.0 4.0 2.0 0.0 9.0 4.0 2.0 0.0 4.0 5.0 9.0 4.0 2.0
2.0 8.0 5.0 7.0 9.0 9.0 7.0 1.0 0.0 7.0 1.0 6.0 0.0 3.0 7.0 6.0 6.0 8.0 8.0 6.0 2.0 2.0 2.0 3.0 0.0 6.0 2.0 1.0 7.0 3.0 4.0 3.0 6.0 9.0 8.0 2.0 6.0 8.0 9.0 7.0 0.0 6.0 8.0 9.0 4.0 0.0 508.0 7.0 9.0 2.0 7.0 5.0 6.0 8.0 5.0 6.0 2.0 2.0 6.0 9.0 3.0 7.0 9.0 3.0 7.0 0.0 7.0 6.0 0.0 9.0 8.0 9.0 4.0 3.0 4.0 4.0 5.0 2.0 9.0 3.0 9.0 7.0 8.0 5.0 7.0 9.0 8.0 1.0 0.0 4.0 4.0 8.0 6.0 5.0 0.0 7.0 5.0 8.0 1.0 1.0
6.0 1.0 6.0 5.0 6.0 4.0 8.0 5.0 7.0 3.0 5.0 1.0 6.0 7.0 1.0 8.0 8.0 2.0 3.0 1.0 1.0 1.0 1.0 4.0 3.0 9.0 6.0 4.0 3.0 3.0 4.0 1.0 9.0 0.0 4.0 3.0 9.0 0.0 0.0 2.0 1.0 9.0 3.0 4.0 6.0 4.0 5.0 446.0 7.0 3.0 5.0 3.0 7.0 9.0 8.0 9.0 1.0 9.0 1.0 0.0 7.0 9.0 8.0 8.0 0.0 2.0 4.0 6.0 4.0 9.0 4.0 1.0 9.0 5.0 6.0 1.0 7.0 8.0 1.0 5.0 5.0 5.0 7.0 3.0 3.0 0.0 6.0 7.0 7.0 7.0 0.0 6.0 5.0 1.0 3.0 0.0 0.0 8.0 8.0 5.0
9.0 8.0 3.0 8.0 7.0 6.0 9.0 5.0 5.0 1.0 0.0 6.0 1.0 7.0 3.0 2.0 7.0 7.0 3.0 0.0 2.0 2.0 1.0 9.0 8.0 0.0 5.0 2.0 9.0 7.0 6.0 2.0 6.0 7.0 5.0 9.0 6.0 0.0 6.0 5.0 7.0 2.0 9.0 3.0 0.0 9.0 2.0 3.0 438.0 3.0 3.0 0.0 2.0 6.0 1.0 6.0 4.0 0.0 7.0 0.0 2.0 0.0 9.0 9.0 5.0 0.0 0.0 6.0 5.0 5.0 7.0 4.0 9.0 5.0 5.0 5.0 1.0 5.0 4.0 7.0 4.0 6.0 2.0 7.0 4.0 2.0 3.0 5.0 0.0 7.0 9.0 3.0 6.0 1.0 4.0 1.0 2.0 6.0 0.0 7.0
4.0 8.0 7.0 6.0 4.0 2.0 1.0 6.0 0.0 6.0 2.0 2.0 8.0 0.0 9.0 3.0 7.0 9.0 8.0 7.0 3.0 0.0 2.0 3.0 8.0 2.0 6.0 4.0 6.0 8.0 8.0 5.0 0.0 8.0 3.0 0.0 3.0 1.0 1.0 3.0 2.0 3.0 9.0 4.0 1.0 3.0 0.0 9.0 3.0 410.0 5.0 8.0 1.0 5.0 0.0 1.0 7.0 0.0 3.0 4.0 7.0 0.0 0.0 4.0 0.0 5.0 6.0 0.0 9.0 5.0 1.0 2.0 8.0 2.0 6.0 0.0 5.0 2.0 1.0 2.0 3.0 8.0 6.0 5.0 6.0 8.0 7.0 5.0 6.0 0.0 0.0 0.0 7.0 4.0 8.0 9.0 7.0 2.0 7.0 1.0
7.0 9.0 3.0 2.0 9.0 2.0 8.0 8.0 8.0 0.0 3.0 4.0 7.0 5.0 8.0 7.0 9.0 6.0 2.0 4.0 3.0 6.0 6.0 4.0 0.0 9.0 9.0 4.0 2.0 4.0 8.0 3.0 9.0 7.0 3.0 2.0 6.0 2.0 9.0 2.0 0.0 9.0 4.0 4.0 6.0 7.0 2.0 5.0 6.0 8.0 480.0 3.0 7.0 0.0 7.0 7.0 1.0 7.0 3.0 1.0 4.0 1.0 0.0 1.0 2.0 4.0 4.0 4.0 6.0 4.0 3.0 8.0 1.0 1.0 4.0 8.0 4.0 8.0 4.0 6.0 5.0 6.0 4.0 6.0 7.0 5.0 6.0 7.0 8.0 9.0 5.0 3.0 1.0 2.0 5.0 1.0 2.0 8.0 5.0 5.0
7.0 8.0 5.0 6.0 6.0 5.0 7.0 7.0 7.0 3.0 0.0 6.0 0.0 8.0 3.0 8.0 4.0 6.0 2.0 7.0 6.0 4.0 5.0 8.0 8.0 5.0 0.0 0.0 9.0 1.0 3.0 8.0 2.0 3.0 0.0 5.0 5.0 0.0 6.0 9.0 2.0 9.0 3.0 6.0 7.0 4.0 0.0 6.0 5.0 3.0 0.0 463.0 6.0 7.0 5.0 7.0 6.0 0.0 6.0 6.0 7.0 2.0 8.0 9.0 0.0 4.0 7.0 3.0 0.0 8.0 6.0 1.0 9.0 6.0 9.0 0.0 8.0 5.0 4.0 6.0 0.0 1.0 6.0 6.0 9.0 0.0 7.0 3.0 0.0 3.0 1.0 8.0 8.0 0.0 4.0 2.0 8.0 1.0 3.0 8.0
6.0 7.0 1.0 7.0 5.0 0.0 6.0 1.0 5.0 2.0 0.0 6.0 4.0 5.0 2.0 9.0 2.0 9.0 9.0 8.0 3.0 0.0 9.0 7.0 5.0 5.0 5.0 3.0 1.0 9.0 6.0 9.0 8.0 1.0 9.0 5.0 6.0 2.0 2.0 0.0 7.0 5.0 4.0 9.0 6.0 3.0 4.0 5.0 3.0 0.0 4.0 2.0 483.0 1.0 0.0 2.0 0.0 7.0 4.0 6.0 9.0 6.0 1.0 8.0 8.0 9.0 8.0 9.0 5.0 1.0 0.0 4.0 6.0 2.0 4.0 8.0 9.0 3.0 9.0 1.0 3.0 5.0 7.0 7.0 5.0 3.0 8.0 2.0 1.0 9.0 6.0 8.0 5.0 0.0 5.0 2.0 7.0 8.0 8.0 9.0
7.0 1.0 9.0 5.0 4.0 0.0 4.0 9.0 8.0 4.0 3.0 2.0 0.0 3.0 4.0 1.0 1.0 6.0 1.0 6.0 8.0 1.0 0.0 4.0 4.0 9.0 6.0 3.0 5.0 0.0 9.0 7.0 8.0 3.0 2.0 2.0 8.0 6.0 0.0 7.0 9.0 3.0 4.0 7.0 0.0 0.0 3.0 2.0 9.0 3.0 9.0 3.0 2.0 421.0 4.0 2.0 9.0 5.0 5.0 8.0 9.0 3.0 0.0 5.0 9.0 8.0 7.0 4.0 0.0 1.0 1.0 1.0 3.0 6.0 3.0 3.0 4.0 3.0 2.0 8.0 7.0 3.0 2.0 8.0 3.0 2.0 8.0 1.0 5.0 0.0 3.0 5.0 5.0 6.0 0.0 9.0 5.0 4.0 5.0 0.0
2.0 2.0 0.0 7.0 5.0 2.0 1.0 1.0 6.0 6.0 1.0 8.0 1.0 4.0 2.0 8.0 7.0 1.0 2.0 6.0 9.0 1.0 6.0 3.0 4.0 6.0 3.0 9.0 5.0 3.0 7.0 8.0 4.0 6.0 0.0 0.0 2.0 8.0 6.0 7.0 9.0 5.0 3.0 9.0 6.0 1.0 1.0 5.0 0.0 8.0 5.0 1.0 9.0 1.0 423.0 7.0 3.0 5.0 3.0 9.0 8.0 8.0 5.0 0.0 4.0 5.0 5.0 8.0 5.0 2.0 1.0 0.0 6.0 1.0 0.0 5.0 0.0 7.0 1.0 6.0 2.0 3.0 5.0 5.0 4.0 1.0 4.0 2.0 4.0 5.0 4.0 0.0 8.0 4.0 6.0 3.0 8.0 0.0 5.0 8.0
6.0 6.0 7.0 4.0 9.0 8.0 5.0 3.0 8.0 8.0 0.0 5.0 1.0 6.0 8.0 4.0 3.0 5.0 8.0 1.0 5.0 0.0 4.0 2.0 2.0 7.0 9.0 6.0 6.0 9.0 4.0 8.0 2.0 5.0 9.0 2.0 4.0 1.0 6.0 0.0 3.0 8.0 6.0 9.0 7.0 4.0 9.0 8.0 4.0 3.0 0.0 9.0 1.0 3.0 4.0 499.0 3.0 2.0 1.0 2.0 8.0 4.0 5.0 1.0 8.0 2.0 8.0 2.0 6.0 1.0 7.0 8.0 3.0 8.0 3.0 8.0 3.0 2.0 6.0 9.0 4.0 4.0 3.0 9.0 7.0 7.0 5.0 8.0 2.0 9.0 8.0 6.0 7.0 7.0 1.0 5.0 5.0 7.0 0.0 9.0
3.0 2.0 9.0 8.0 3.0 5.0 5.0 5.0 7.0 4.0 3.0 7.0 3.0 9.0 6.0 0.0 7.0 0.0 3.0 5.0 0.0 4.0 6.0 8.0 0.0 7.0 9.0 2.0 0.0 3.0 6.0 7.0 9.0 6.0 5.0 8.0 8.0 3.0 3.0 0.0 1.0 4.0 8.0 2.0 0.0 2.0 5.0 7.0 8.0 6.0 2.0 7.0 2.0 7.0 7.0 4.0 465.0 1.0 3.0 8.0 0.0 0.0 4.0 8.0 8.0 1.0 6.0 2.0 9.0 4.0 5.0 5.0 6.0 3.0 4.0 0.0 1.0 1.0 5.0 9.0 8.0 7.0 4.0 8.0 1.0 4.0 2.0 5.0 5.0 1.0 7.0 7.0 7.0 6.0 5.0 7.0 8.0 4.0 3.0 7.0
9.0 7.0 9.0 3.0 8.0 4.0 0.0 5.0 2.0 9.0 8.0 7.0 4.0 4.0 7.0 6.0 5.0 1.0 5.0 6.0 0.0 0.0 7.0 7.0 4.0 1.0 4.0 6.0 9.0 2.0 3.0 7.0 7.0 7.0 2.0 0.0 8.0 9.0 5.0 7.0 4.0 1.0 7.0 7.0 4.0 2.0 6.0 2.0 5.0 8.0 2.0 4.0 7.0 0.0 7.0 4.0 2.0 484.0 5.0 1.0 1.0 3.0 1.0 1.0 6.0 1.0 9.0 6.0 3.0 4.0 7.0 6.0 3.0 3.0 7.0 4.0 1.0 9.0 5.0 3.0 8.0 7.0 8.0 7.0 6.0 5.0 4.0 6.0 6.0 8.0 5.0 3.0 9.0 5.0 8.0 5.0 0.0 1.0 5.0 9.0
7.0 5.0 6.0 8.0 4.0 6.0 8.0 0.0 0.0 7.0 4.0 5.0 8.0 4.0 2.0 4.0 3.0 6.0 9.0 3.0 9.0 0.0 9.0 1.0 9.0 4.0 3.0 9.0 2.0 3.0 4.0 7.0 2.0 3.0 8.0 5.0 1.0 3.0 1.0 6.0 5.0 5.0 6.0 4.0 2.0 8.0 5.0 7.0 2.0 9.0 6.0 7.0 1.0 1.0 0.0 7.0 7.0 9.0 487.0 9.0 1.0 0.0 4.0 5.0 5.0 9.0 2.0 1.0 8.0 8.0 7.0 6.0 8.0 0.0 5.0 2.0 6.0 3.0 7.0 4.0 1.0 5.0 3.0 1.0 5.0 9.0 6.0 1.0 4.0 3.0 5.0 7.0 5.0 5.0 5.0 7.0 8.0 5.0 9.0 6.0
2.0 7.0 5.0 5.0 4.0 4.0 5.0 9.0 2.0 6.0 3.0 4.0 3.0 5.0 2.0 1.0 2.0 7.0 2.0 4.0 2.0 2.0 6.0 0.0 3.0 7.0 0.0 1.0 3.0 1.0 0.0 1.0 5.0 9.0 8.0 6.0 7.0 5.0 1.0 4.0 3.0 4.0 2.0 9.0 4.0 1.0 7.0 4.0 5.0 3.0 1.0 8.0 8.0 2.0 9.0 2.0 5.0 2.0 7.0 455.0 6.0 0.0 9.0 8.0 6.0 3.0 8.0 4.0 7.0 0.0 1.0 4.0 8.0 7.0 6.0 7.0 6.0 9.0 5.0 6.0 5.0 6.0 5.0 3.0 4.0 6.0 6.0 4.0 8.0 8.0 7.0 5.0 5.0 7.0 2.0 6.0 3.0 1.0 5.0 8.0
2.0 1.0 9.0 1.0 5.0 7.0 6.0 5.0 2.0 9.0 4.0 8.0 9.0 3.0 3.0 0.0 2.0 1.0 9.0 2.0 0.0 8.0 6.0 5.0 0.0 2.0 1.0 2.0 1.0 2.0 8.0 9.0 8.0 4.0 0.0 4.0 2.0 7.0 3.0 2.0 7.0 6.0 0.0 0.0 7.0 6.0 2.0 3.0 0.0 3.0 3.0 0.0 1.0 8.0 1.0 4.0 5.0 5.0 2.0 8.0 426.0 6.0 2.0 2.0 3.0 0.0 6.0 9.0 1.0 4.0 4.0 7.0 3.0 4.0 6.0 8.0 6.0 7.0 2.0 1.0 9.0 8.0 8.0 3.0 8.0 1.0 5.0 3.0 7.0 6.0 6.0 9.0 1.0 8.0 2.0 6.0 3.0 6.0 1.0 5.0
7.0 8.0 1.0 5.0 3.0 3.0 2.0 6.0 7.0 7.0 4.0 2.0 9.0 6.0 6.0 1.0 3.0 2.0 4.0 0.0 0.0 2.0 2.0 0.0 6.0 7.0 3.0 0.0 5.0 8.0 4.0 8.0 3.0 8.0 0.0 9.0 3.0 9.0 5.0 7.0 5.0 9.0 5.0 9.0 7.0 2.0 4.0 7.0 3.0 3.0 5.0 1.0 4.0 6.0 9.0 3.0 3.0 3.0 3.0 5.0 5.0 463.0 3.0 1.0 3.0 9.0 0.0 8.0 9.0 8.0 3.0 2.0 7.0 0.0 9.0 4.0 3.0 9.0 4.0 4.0 8.0 5.0 9.0 1.0 2.0 6.0 9.0 4.0 9.0 5.0 6.0 0.0 7.0 3.0 0.0 8.0 5.0 1.0 5.0 4.0
0.0 8.0 6.0 7.0 3.0 0.0 3.0 0.0 3.0 5.0 6.0 8.0 0.0 6.0 3.0 2.0 7.0 0.0 0.0 1.0 9.0 1.0 7.0 1.0 1.0 7.0 4.0 3.0 1.0 8.0 5.0 6.0 8.0 4.0 0.0 2.0 6.0 1.0 8.0 6.0 6.0 2.0 9.0 4.0 6.0 5.0 1.0 6.0 5.0 6.0 4.0 8.0 6.0 3.0 6.0 7.0 1.0 3.0 5.0 2.0 2.0 5.0 426.0 0.0 0.0 6.0 1.0 4.0 1.0 4.0 9.0 7.0 2.0 5.0 1.0 9.0 6.0 4.0 0.0 8.0 3.0 7.0 2.0 9.0 0.0 2.0 9.0 2.0 0.0 5.0 9.0 1.0 7.0 3.0 6.0 7.0 9.0 6.0 2.0 8.0
1.0 8.0 4.0 0.0 5.0 7.0 8.0 1.0 1.0 4.0 5.0 3.0 3.0 8.0 7.0 0.0 2.0 9.0 2.0 9.0 6.0 1.0 2.0 4.0 2.0 6.0 7.0 5.0 4.0 3.0 3.0 4.0 1.0 7.0 2.0 2.0 7.0 0.0 5.0 6.0 5.0 2.0 6.0 0.0 2.0 7.0 0.0 8.0 0.0 6.0 6.0 2.0 9.0 0.0 3.0 5.0 1.0 3.0 1.0 5.0 4.0 9.0 1.0 422.0 1.0 1.0 6.0 2.0 6.0 8.0 2.0 9.0 9.0 0.0 6.0 6.0 8.0 5.0 3.0 8.0 6.0 8.0 2.0 0.0 9.0 0.0 6.0 0.0 7.0 5.0 0.0 9.0 5.0 2.0 8.0 2.0 4.0 6.0 8.0 6.0
4.0 7.0 9.0 3.0 6.0 5.0 0.0 7.0 4.0 6.0 8.0 4.0 2.0 0.0 9.0 2.0 3.0 4.0 1.0 5.0 8.0 4.0 0.0 9.0 0.0 2.0 6.0 1.0 7.0 6.0 9.0 6.0 5.0 4.0 9.0 8.0 2.0 9.0 6.0 4.0 9.0 2.0 1.0 3.0 1.0 6.0 1.0 1.0 7.0 9.0 3.0 0.0 3.0 6.0 7.0 4.0 7.0 3.0 6.0 5.0 1.0 5.0 3.0 3.0 444.0 4.0 0.0 8.0 4.0 6.0 7.0 9.0 5.0 0.0 1.0 1.0 8.0 9.0 9.0 1.0 6.0 9.0 2.0 1.0 7.0 0.0 7.0 6.0 0.0 3.0 6.0 1.0 1.0 4.0 3.0 1.0 3.0 9.0 0.0 9.0
7.0 7.0 8.0 9.0 0.0 2.0 4.0 9.0 6.0 9.0 6.0 4.0 7.0 2.0 4.0 8.0 8.0 9.0 0.0 9.0 5.0 6.0 0.0 3.0 7.0 7.0 0.0 2.0 0.0 5.0 1.0 8.0 2.0 7.0 3.0 3.0 7.0 1.0 4.0 7.0 4.0 2.0 2.0 9.0 7.0 4.0 2.0 8.0 5.0 5.0 4.0 6.0 5.0 1.0 6.0 8.0 2.0 1.0 3.0 1.0 9.0 3.0 4.0 6.0 8.0 477.0 7.0 0.0 5.0 9.0 8.0 6.0 9.0 4.0 6.0 5.0 1.0 0.0 0.0 7.0 7.0 7.0 5.0 2.0 4.0 5.0 7.0 4.0 7.0 1.0 1.0 6.0 2.0 1.0 5.0 9.0 7.0 7.0 3.0 6.0
6.0 6.0 6.0 6.0 8.0 1.0 7.0 3.0 1.0 3.0 4.0 6.0 7.0 3.0 7.0 9.0 4.0 3.0 9.0 9.0 7.0 9.0 2.0 6.0 6.0 1.0 6.0 6.0 0.0 1.0 7.0 2.0 5.0 9.0 8.0 9.0 7.0 1.0 5.0 2.0 0.0 3.0 3.0 5.0 4.0 5.0 1.0 3.0 7.0 2.0 6.0 9.0 5.0 4.0 6.0 4.0 5.0 4.0 6.0 3.0 3.0 0.0 6.0 5.0 2.0 3.0 463.0 7.0 1.0 3.0 9.0 2.0 8.0 4.0 7.0 3.0 3.0 5.0 0.0 5.0 1.0 3.0 7.0 2.0 0.0 7.0 0.0 5.0 9.0 9.0 1.0 8.0 6.0 1.0 7.0 6.0 2.0 4.0 9.0 0.0
1.0 0.0 2.0 7.0 7.0 2.0 2.0 4.0 9.0 9.0 2.0 3.0 3.0 8.0 8.0 0.0 8.0 4.0 2.0 3.0 6.0 2.0 8.0 1.0 7.0 9.0 3.0 2.0 3.0 6.0 6.0 4.0 4.0 1.0 0.0 8.0 9.0 0.0 6.0 8.0 2.0 5.0 8.0 7.0 6.0 4.0 4.0 3.0 0.0 1.0 4.0 8.0 2.0 1.0 1.0 4.0 6.0 2.0 1.0 2.0 4.0 4.0 0.0 9.0 7.0 4.0 4.0 439.0 5.0 3.0 4.0 3.0 9.0 7.0 4.0 6.0 8.0 1.0 9.0 3.0 5.0 5.0 2.0 7.0 0.0 1.0 2.0 7.0 4.0 8.0 1.0 9.0 8.0 6.0 3.0 5.0 2.0 3.0 9.0 4.0
1.0 3.0 8.0 3.0 7.0 5.0 9.0 2.0 0.0 3.0 4.0 8.0 6.0 9.0 3.0 1.0 4.0 7.0 5.0 2.0 7.0 2.0 7.0 0.0 1.0 9.0 9.0 4.0 8.0 5.0 6.0 0.0 5.0 9.0 0.0 0.0 8.0 9.0 8.0 6.0 4.0 1.0 8.0 6.0 6.0 9.0 8.0 9.0 0.0 3.0 8.0 9.0 2.0 1.0 4.0 0.0 5.0 9.0 4.0 2.0 0.0 2.0 2.0 9.0 3.0 9.0 3.0 2.0 444.0 6.0 2.0 4.0 9.0 9.0 0.0 3.0 3.0 5.0 6.0 2.0 4.0 1.0 6.0 4.0 2.0 5.0 7.0 2.0 3.0 0.0 1.0 6.0 3.0 2.0 7.0 2.0 5.0 3.0 3.0 5.0
2.0 8.0 4.0 9.0 1.0 8.0 4.0 4.0 8.0 6.0 9.0 6.0 2.0 6.0 7.0 9.0 2.0 6.0 3.0 7.0 1.0 1.0 5.0 8.0 2.0 1.0 1.0 8.0 0.0 0.0 9.0 3.0 7.0 2.0 6.0 9.0 7.0 4.0 6.0 1.0 6.0 5.0 0.0 1.0 9.0 2.0 8.0 8.0 3.0 5.0 0.0 0.0 7.0 3.0 5.0 7.0 9.0 4.0 9.0 9.0 3.0 4.0 1.0 8.0 8.0 5.0 4.0 7.0 2.0 489.0 9.0 3.0 4.0 3.0 4.0 4.0 9.0 3.0 1.0 9.0 3.0 3.0 7.0 6.0 5.0 0.0 1.0 1.0 7.0 3.0 6.0 9.0 8.0 8.0 5.0 2.0 9.0 9.0 5.0 6.0
2.0 9.0 3.0 6.0 9.0 8.0 9.0 8.0 8.0 8.0 4.0 0.0 3.0 2.0 7.0 1.0 7.0 4.0 7.0 3.0 1.0 8.0 9.0 7.0 8.0 6.0 9.0 8.0 3.0 4.0 8.0 7.0 3.0 2.0 2.0 3.0 2.0 2.0 2.0 0.0 4.0 1.0 6.0 3.0 8.0 5.0 6.0 4.0 3.0 8.0 1.0 9.0 2.0 7.0 8.0 2.0 4.0 6.0 1.0 3.0 8.0 7.0 8.0 9.0 0.0 5.0 9.0 4.0 3.0 8.0 469.0 0.0 3.0 0.0 3.0 3.0 5.0 5.0 7.0 5.0 7.0 6.0 1.0 6.0 5.0 5.0 6.0 1.0 2.0 9.0 0.0 5.0 3.0 1.0 0.0 3.0 7.0 7.0 0.0 4.0
3.0 7.0 1.0 3.0 7.0 9.0 5.0 0.0 1.0 8.0 5.0 1.0 2.0 8.0 2.0 1.0 1.0 9.0 0.0 9.0 5.0 2.0 7.0 5.0 9.0 4.0 6.0 8.0 0.0 1.0 3.0 4.0 7.0 7.0 2.0 3.0 3.0 4.0 6.0 1.0 8.0 3.0 1.0 0.0 6.0 5.0 7.0 4.0 7.0 2.0 2.0 8.0 2.0 1.0 6.0 7.0 9.0 9.0 7.0 3.0 7.0 2.0 4.0 6.0 8.0 8.0 4.0 6.0 3.0 1.0 7.0 470.0 3.0 0.0 7.0 1.0 7.0 8.0 5.0 9.0 3.0 2.0 1.0 6.0 7.0 4.0 8.0 1.0 4.0 7.0 4.0 7.0 6.0 8.0 5.0 2.0 5.0 4.0 9.0 9.0
1.0 5.0 6.0 2.0 7.0 1.0 8.0 3.0 2.0 7.0 4.0 6.0 6.0 9.0 8.0 0.0 6.0 6.0 2.0 9.0 4.0 8.0 1.0 2.0 7.0 7.0 5.0 4.0 8.0 1.0 2.0 6.0 3.0 4.0 3.0 9.0 7.0 8.0 7.0 9.0 8.0 6.0 6.0 9.0 5.0 7.0 6.0 7.0 7.0 7.0 1.0 4.0 0.0 4.0 4.0 7.0 7.0 6.0 1.0 6.0 4.0 5.0 0.0 7.0 9.0 2.0 7.0 3.0 4.0 9.0 8.0 1.0 493.0 2.0 7.0 2.0 8.0 4.0 5.0 6.0 8.0 6.0 1.0 6.0 9.0 2.0 4.0 0.0 8.0 7.0 5.0 4.0 0.0 5.0 6.0 9.0 0.0 0.0 2.0 6.0
0.0 0.0 4.0 3.0 4.0 7.0 6.0 7.0 0.0 8.0 7.0 5.0 6.0 9.0 6.0 8.0 4.0 7.0 5.0 2.0 2.0 4.0 3.0 4.0 7.0 4.0 4.0 3.0 8.0 8.0 4.0 2.0 0.0 0.0 5.0 8.0 5.0 1.0 2.0 9.0 0.0 0.0 3.0 9.0 3.0 2.0 0.0 0.0 6.0 3.0 1.0 3.0 7.0 5.0 5.0 1.0 8.0 1.0 6.0 6.0 3.0 8.0 5.0 9.0 1.0 5.0 8.0 7.0 5.0 4.0 8.0 5.0 3.0 438.0 5.0 2.0 7.0 8.0 4.0 0.0 0.0 5.0 2.0 8.0 5.0 9.0 7.0 0.0 1.0 0.0 4.0 7.0 3.0 9.0 2.0 1.0 4.0 8.0 4.0 8.0
2.0 4.0 2.0 7.0 8.0 1.0 9.0 9.0 6.0 6.0 2.0 6.0 0.0 8.0 8.0 1.0 3.0 3.0 2.0 1.0 1.0 5.0 9.0 8.0 8.0 2.0 4.0 2.0 8.0 8.0 5.0 1.0 1.0 1.0 8.0 4.0 8.0 4.0 5.0 4.0 0.0 8.0 0.0 1.0 1.0 4.0 9.0 5.0 9.0 7.0 9.0 1.0 1.0 6.0 9.0 5.0 7.0 4.0 1.0 2.0 5.0 3.0 5.0 7.0 7.0 7.0 8.0 5.0 8.0 9.0 9.0 2.0 8.0 2.0 477.0 7.0 8.0 5.0 3.0 8.0 3.0 8.0 7.0 0.0 8.0 2.0 6.0 9.0 2.0 8.0 7.0 0.0 0.0 4.0 1.0 3.0 2.0 0.0 3.0 6.0
2.0 2.0 1.0 6.0 0.0 3.0 9.0 7.0 5.0 4.0 4.0 9.0 7.0 2.0 2.0 7.0 1.0 8.0 3.0 0.0 8.0 8.0 4.0 5.0 2.0 4.0 1.0 4.0 4.0 2.0 5.0 6.0 3.0 8.0 1.0 1.0 4.0 5.0 7.0 1.0 0.0 0.0 0.0 9.0 5.0 5.0 0.0 4.0 6.0 1.0 5.0 8.0 0.0 6.0 0.0 7.0 4.0 3.0 7.0 8.0 2.0 3.0 4.0 5.0 8.0 8.0 7.0 2.0 6.0 8.0 3.0 7.0 0.0 3.0 3.0 420.0 3.0 8.0 3.0 8.0 4.0 9.0 3.0 6.0 7.0 2.0 4.0 9.0 3.0 5.0 0.0 4.0 5.0 3.0 1.0 1.0 7.0 5.0 3.0 0.0
8.0 5.0 8.0 2.0 9.0 0.0 7.0 6.0 2.0 2.0 4.0 9.0 6.0 0.0 4.0 6.0 2.0 0.0 2.0 6.0 6.0 1.0 9.0 0.0 3.0 5.0 8.0 8.0 1.0 5.0 5.0 0.0 3.0 1.0 3.0 2.0 8.0 1.0 9.0 9.0 4.0 3.0 2.0 5.0 3.0 8.0 4.0 5.0 3.0 9.0 0.0 4.0 8.0 8.0 0.0 1.0 1.0 5.0 3.0 7.0 2.0 6.0 7.0 1.0 9.0 4.0 7.0 4.0 8.0 2.0 9.0 7.0 5.0 5.0 8.0 4.0 471.0 7.0 1.0 4.0 9.0 5.0 7.0 4.0 3.0 8.0 2.0 5.0 5.0 3.0 8.0 8.0 3.0 9.0 9.0 0.0 6.0 0.0 8.0 5.0
5.0 9.0 9.0 8.0 5.0 9.0 8.0 0.0 2.0 9.0 2.0 0.0 2.0 4.0 3.0 2.0 6.0 4.0 0.0 9.0 8.0 0.0 4.0 4.0 4.0 1.0 5.0 7.0 8.0 4.0 2.0 7.0 6.0 6.0 8.0 1.0 4.0 3.0 0.0 1.0 4.0 9.0 4.0 1.0 7.0 1.0 0.0 8.0 8.0 6.0 6.0 4.0 0.0 8.0 8.0 5.0 5.0 6.0 3.0 5.0 5.0 6.0 0.0 5.0 1.0 3.0 7.0 6.0 9.0 9.0 8.0 3.0 6.0 5.0 6.0 7.0 6.0 453.0 5.0 4.0 1.0 0.0 1.0 3.0 8.0 1.0 5.0 0.0 1.0 2.0 0.0 4.0 8.0 8.0 8.0 4.0 0.0 6.0 4.0 4.0
8.0 6.0 6.0 4.0 3.0 0.0 5.0 5.0 8.0 8.0 4.0 0.0 4.0 6.0 4.0 5.0 5.0 9.0 1.0 9.0 0.0 9.0 8.0 1.0 3.0 1.0 6.0 2.0 7.0 7.0 0.0 0.0 5.0 5.0 1.0 8.0 4.0 9.0 3.0 8.0 0.0 4.0 9.0 8.0 9.0 4.0 0.0 5.0 5.0 6.0 4.0 5.0 5.0 3.0 9.0 4.0 3.0 2.0 5.0 3.0 8.0 2.0 6.0 9.0 0.0 8.0 8.0 1.0 9.0 6.0 9.0 7.0 0.0 8.0 5.0 6.0 2.0 6.0 491.0 2.0 4.0 8.0 6.0 0.0 2.0 8.0 4.0 6.0 3.0 1.0 4.0 3.0 8.0 8.0 9.0 7.0 5.0 9.0 3.0 9.0
7.0 6.0 0.0 1.0 8.0 6.0 6.0 0.0 1.0 1.0 0.0 5.0 3.0 2.0 2.0 8.0 9.0 9.0 4.0 3.0 2.0 6.0 8.0 8.0 9.0 3.0 0.0 3.0 9.0 7.0 2.0 3.0 7.0 1.0 6.0 2.0 0.0 4.0 2.0 0.0 6.0 0.0 8.0 7.0 0.0 4.0 7.0 3.0 7.0 3.0 9.0 4.0 1.0 0.0 8.0 2.0 2.0 8.0 1.0 8.0 4.0 6.0 1.0 5.0 8.0 9.0 2.0 8.0 0.0 7.0 1.0 6.0 2.0 6.0 1.0 2.0 5.0 6.0 6.0 426.0 8.0 4.0 2.0 7.0 2.0 5.0 7.0 3.0 8.0 0.0 4.0 3.0 7.0 2.0 8.0 6.0 3.0 0.0 3.0 6.0
3.0 6.0 2.0 8.0 5.0 7.0 6.0 4.0 0.0 7.0 1.0 5.0 1.0 6.0 6.0 7.0 2.0 4.0 8.0 4.0 8.0 3.0 6.0 1.0 3.0 2.0 4.0 4.0 1.0 6.0 7.0 7.0 9.0 9.0 0.0 0.0 4.0 7.0 6.0 2.0 3.0 5.0 0.0 3.0 0.0 1.0 2.0 1.0 3.0 7.0 4.0 8.0 7.0 5.0 3.0 1.0 7.0 1.0 7.0 0.0 3.0 3.0 3.0 0.0 2.0 2.0 8.0 5.0 4.0 1.0 6.0 2.0 2.0 2.0 5.0 4.0 4.0 7.0 1.0 4.0 412.0 0.0 9.0 7.0 9.0 1.0 7.0 2.0 7.0 1.0 7.0 0.0 5.0 1.0 6.0 3.0 0.0 8.0 6.0 9.0
4.0 7.0 4.0 4.0 5.0 3.0 6.0 3.0 8.0 4.0 9.0 7.0 9.0 7.0 5.0 4.0 5.0 4.0 2.0 1.0 8.0 2.0 9.0 3.0 0.0 6.0 6.0 7.0 0.0 3.0 8.0 7.0 7.0 2.0 3.0 6.0 1.0 1.0 4.0 0.0 0.0 5.0 5.0 9.0 9.0 2.0 2.0 9.0 6.0 8.0 1.0 5.0 4.0 3.0 3.0 2.0 5.0 4.0 4.0 7.0 0.0 4.0 2.0 1.0 3.0 5.0 1.0 3.0 8.0 4.0 4.0 7.0 3.0 4.0 5.0 5.0 4.0 4.0 0.0 4.0 3.0 429.0 3.0 1.0 0.0 8.0 3.0 9.0 7.0 2.0 9.0 4.0 9.0 5.0 1.0 6.0 1.0 2.0 1.0 5.0
4.0 0.0 3.0 2.0 4.0 4.0 2.0 1.0 5.0 8.0 0.0 2.0 7.0 5.0 1.0 2.0 3.0 4.0 4.0 6.0 5.0 6.0 9.0 2.0 2.0 4.0 4.0 6.0 8.0 6.0 0.0 0.0 8.0 0.0 7.0 7.0 2.0 0.0 1.0 1.0 0.0 1.0 6.0 3.0 6.0 1.0 1.0 5.0 9.0 3.0 0.0 7.0 7.0 1.0 7.0 4.0 8.0 6.0 4.0 6.0 7.0 3.0 2.0 9.0 4.0 1.0 6.0 4.0 8.0 8.0 8.0 0.0 1.0 3.0 4.0 2.0 5.0 4.0 8.0 7.0 7.0 7.0 416.0 2.0 4.0 1.0 0.0 2.0 2.0 4.0 9.0 9.0 5.0 6.0 5.0 7.0 7.0 1.0 0.0 5.0
7.0 9.0 2.0 8.0 3.0 7.0 7.0 5.0 5.0 1.0 7.0 8.0 0.0 1.0 0.0 1.0 5.0 1.0 4.0 5.0 8.0 2.0 3.0 9.0 8.0 5.0 3.0 7.0 3.0 8.0 6.0 8.0 8.0 8.0 4.0 9.0 4.0 5.0 5.0 0.0 3.0 1.0 2.0 3.0 4.0 8.0 1.0 4.0 1.0 0.0 6.0 2.0 1.0 4.0 8.0 0.0 5.0 1.0 8.0 2.0 8.0 3.0 3.0 3.0 9.0 5.0 3.0 4.0 2.0 1.0 1.0 1.0 6.0 6.0 5.0 6.0 3.0 8.0 4.0 0.0 9.0 2.0 7.0 440.0 7.0 9.0 0.0 4.0 5.0 3.0 9.0 3.0 6.0 4.0 2.0 7.0 3.0 4.0 3.0 7.0
5.0 4.0 7.0 4.0 2.0 7.0 9.0 6.0 2.0 5.0 6.0 6.0 3.0 4.0 6.0 0.0 2.0 5.0 0.0 1.0 7.0 1.0 7.0 3.0 2.0 3.0 1.0 1.0 7.0 4.0 7.0 3.0 1.0 1.0 9.0 9.0 0.0 9.0 0.0 9.0 6.0 8.0 9.0 2.0 0.0 0.0 2.0 4.0 3.0 1.0 6.0 5.0 8.0 4.0 9.0 3.0 0.0 9.0 8.0 9.0 1.0 4.0 8.0 3.0 2.0 8.0 7.0 8.0 9.0 8.0 2.0 4.0 5.0 1.0 5.0 5.0 5.0 7.0 7.0 3.0 4.0 3.0 4.0 2.0 444.0 6.0 7.0 4.0 3.0 9.0 3.0 0.0 6.0 2.0 6.0 0.0 3.0 7.0 7.0 1.0
2.0 2.0 2.0 0.0 8.0 1.0 1.0 7.0 1.0 7.0 7.0 7.0 6.0 9.0 7.0 5.0 8.0 1.0 4.0 6.0 5.0 5.0 5.0 6.0 6.0 6.0 2.0 6.0 4.0 7.0 1.0 3.0 4.0 2.0 5.0 8.0 1.0 4.0 7.0 3.0 7.0 9.0 1.0 1.0 0.0 2.0 7.0 5.0 2.0 8.0 1.0 8.0 8.0 7.0 2.0 0.0 3.0 1.0 5.0 9.0 1.0 2.0 7.0 8.0 0.0 5.0 9.0 1.0 5.0 4.0 9.0 3.0 5.0 4.0 8.0 0.0 2.0 2.0 9.0 2.0 8.0 8.0 1.0 8.0 7.0 468.0 4.0 4.0 9.0 8.0 7.0 4.0 4.0 8.0 6.0 1.0 7.0 5.0 3.0 4.0
2.0 2.0 3.0 0.0 6.0 8.0 5.0 7.0 2.0 4.0 5.0 3.0 3.0 2.0 8.0 3.0 2.0 0.0 6.0 3.0 6.0 1.0 3.0 4.0 9.0 2.0 7.0 2.0 7.0 5.0 1.0 6.0 9.0 9.0 4.0 6.0 3.0 8.0 9.0 6.0 3.0 1.0 9.0 0.0 2.0 0.0 8.0 1.0 6.0 9.0 0.0 9.0 9.0 5.0 0.0 1.0 5.0 3.0 4.0 4.0 9.0 5.0 4.0 0.0 5.0 9.0 4.0 5.0 5.0 8.0 0.0 2.0 9.0 7.0 0.0 6.0 7.0 8.0 1.0 9.0 7.0 4.0 0.0 2.0 4.0 7.0 456.0 7.0 0.0 1.0 3.0 5.0 4.0 9.0 9.0 9.0 0.0 4.0 5.0 5.0
9.0 4.0 2.0 6.0 0.0 0.0 2.0 7.0 7.0 0.0 8.0 7.0 1.0 5.0 0.0 2.0 4.0 9.0 8.0 5.0 0.0 6.0 9.0 4.0 4.0 5.0 0.0 8.0 6.0 3.0 4.0 2.0 4.0 3.0 8.0 3.0 2.0 0.0 5.0 6.0 7.0 2.0 3.0 9.0 6.0 1.0 5.0 5.0 8.0 1.0 7.0 4.0 1.0 9.0 6.0 4.0 6.0 3.0 4.0 0.0 6.0 2.0 9.0 6.0 7.0 4.0 5.0 9.0 9.0 0.0 1.0 3.0 4.0 4.0 6.0 0.0 5.0 7.0 2.0 9.0 9.0 2.0 1.0 3.0 9.0 2.0 7.0 452.0 5.0 9.0 4.0 9.0 6.0 1.0 2.0 7.0 2.0 0.0 4.0 8.0
7.0 0.0 0.0 2.0 3.0 1.0 8.0 2.0 0.0 7.0 2.0 4.0 2.0 7.0 5.0 8.0 0.0 9.0 8.0 8.0 8.0 3.0 9.0 2.0 1.0 7.0 2.0 1.0 8.0 3.0 2.0 5.0 2.0 1.0 3.0 7.0 3.0 7.0 6.0 3.0 8.0 5.0 7.0 6.0 3.0 6.0 8.0 2.0 3.0 3.0 3.0 4.0 8.0 1.0 7.0 3.0 3.0 3.0 3.0 0.0 6.0 5.0 5.0 1.0 5.0 8.0 9.0 8.0 2.0 3.0 2.0 4.0 4.0 1.0 7.0 5.0 9.0 0.0 5.0 1.0 0.0 5.0 7.0 1.0 8.0 1.0 9.0 1.0 433.0 3.0 7.0 8.0 8.0 3.0 4.0 3.0 4.0 2.0 6.0 5.0
7.0 4.0 3.0 0.0 7.0 0.0 4.0 1.0 3.0 4.0 4.0 4.0 7.0 1.0 6.0 3.0 9.0 0.0 2.0 8.0 6.0 1.0 9.0 7.0 9.0 8.0 8.0 2.0 9.0 0.0 0.0 2.0 7.0 8.0 2.0 9.0 7.0 5.0 9.0 7.0 2.0 0.0 7.0 1.0 6.0 7.0 6.0 3.0 7.0 4.0 8.0 5.0 4.0 2.0 3.0 4.0 2.0 7.0 7.0 4.0 9.0 5.0 9.0 5.0 4.0 7.0 8.0 3.0 9.0 4.0 7.0 5.0 7.0 2.0 2.0 3.0 5.0 0.0 3.0 0.0 5.0 4.0 0.0 7.0 5.0 4.0 3.0 1.0 4.0 448.0 0.0 7.0 8.0 1.0 5.0 0.0 1.0 6.0 4.0 5.0
3.0 7.0 9.0 8.0 2.0 3.0 6.0 3.0 5.0 6.0 2.0 2.0 2.0 5.0 7.0 9.0 1.0 7.0 4.0 5.0 8.0 5.0 4.0 0.0 5.0 6.0 9.0 3.0 8.0 2.0 4.0 7.0 3.0 9.0 7.0 4.0 8.0 6.0 7.0 4.0 0.0 8.0 3.0 3.0 5.0 3.0 9.0 5.0 2.0 0.0 8.0 6.0 5.0 5.0 9.0 2.0 6.0 9.0 5.0 5.0 9.0 3.0 9.0 5.0 5.0 9.0 7.0 0.0 9.0 9.0 9.0 3.0 8.0 7.0 6.0 7.0 1.0 0.0 5.0 5.0 8.0 0.0 5.0 7.0 6.0 7.0 0.0 2.0 3.0 9.0 504.0 2.0 9.0 0.0 3.0 0.0 7.0 3.0 9.0 2.0
9.0 9.0 7.0 5.0 7.0 7.0 4.0 5.0 8.0 1.0 6.0 8.0 5.0 3.0 8.0 4.0 1.0 1.0 8.0 6.0 8.0 8.0 2.0 7.0 3.0 8.0 9.0 8.0 0.0 5.0 1.0 3.0 0.0 7.0 4.0 1.0 9.0 4.0 3.0 3.0 5.0 9.0 2.0 9.0 6.0 5.0 9.0 2.0 5.0 5.0 3.0 7.0 8.0 0.0 6.0 6.0 3.0 9.0 6.0 0.0 6.0 7.0 2.0 8.0 6.0 5.0 3.0 6.0 9.0 4.0 3.0 8.0 7.0 8.0 0.0 2.0 1.0 1.0 4.0 6.0 1.0 8.0 2.0 4.0 5.0 1.0 6.0 0.0 7.0 0.0 4.0 490.0 9.0 8.0 3.0 3.0 2.0 5.0 3.0 9.0
9.0 2.0 6.0 6.0 7.0 3.0 9.0 1.0 2.0 5.0 3.0 0.0 6.0 1.0 2.0 6.0 4.0 2.0 8.0 5.0 5.0 9.0 4.0 2.0 9.0 7.0 5.0 8.0 4.0 2.0 0.0 9.0 1.0 2.0 5.0 6.0 4.0 1.0 0.0 5.0 1.0 6.0 4.0 8.0 9.0 6.0 7.0 1.0 9.0 8.0 2.0 0.0 2.0 8.0 3.0 5.0 4.0 8.0 2.0 9.0 3.0 5.0 7.0 3.0 3.0 6.0 9.0 0.0 6.0 4.0 5.0 1.0 6.0 0.0 2.0 2.0 0.0 4.0 4.0 9.0 6.0 7.0 2.0 6.0 9.0 5.0 6.0 9.0 5.0 7.0 8.0 8.0 465.0 0.0 0.0 8.0 9.0 1.0 1.0 6.0
2.0 8.0 1.0 0.0 0.0 3.0 8.0 0.0 6.0 6.0 4.0 7.0 2.0 1.0 0.0 9.0 0.0 8.0 5.0 4.0 0.0 5.0 3.0 3.0 7.0 2.0 0.0 1.0 2.0 6.0 9.0 6.0 9.0 2.0 7.0 0.0 3.0 8.0 6.0 6.0 6.0 8.0 9.0 1.0 7.0 7.0 7.0 1.0 3.0 1.0 9.0 1.0 7.0 2.0 0.0 8.0 9.0 1.0 4.0 6.0 2.0 6.0 5.0 2.0 4.0 1.0 5.0 2.0 9.0 2.0 0.0 6.0 1.0 0.0 8.0 7.0 5.0 2.0 0.0 0.0 9.0 1.0 1.0 7.0 4.0 8.0 8.0 5.0 5.0 5.0 8.0 8.0 5.0 423.0 5.0 8.0 2.0 1.0 2.0 6.0
0.0 5.0 6.0 5.0 6.0 7.0 0.0 9.0 2.0 8.0 1.0 6.0 2.0 8.0 5.0 7.0 5.0 6.0 4.0 2.0 4.0 8.0 6.0 9.0 3.0 6.0 8.0 6.0 9.0 9.0 1.0 5.0 4.0 1.0 8.0 2.0 3.0 0.0 0.0 7.0 6.0 5.0 7.0 7.0 0.0 1.0 0.0 0.0 8.0 5.0 4.0 2.0 3.0 2.0 8.0 3.0 0.0 8.0 3.0 8.0 6.0 0.0 4.0 3.0 2.0 3.0 5.0 5.0 3.0 3.0 2.0 4.0 5.0 5.0 9.0 1.0 2.0 5.0 9.0 0.0 7.0 9.0 4.0 0.0 3.0 5.0 6.0 7.0 2.0 8.0 1.0 6.0 4.0 2.0 441.0 7.0 4.0 5.0 3.0 7.0
9.0 1.0 5.0 2.0 7.0 9.0 8.0 6.0 0.0 8.0 4.0 8.0 5.0 0.0 4.0 0.0 9.0 0.0 5.0 3.0 8.0 8.0 8.0 6.0 2.0 9.0 2.0 6.0 2.0 0.0 0.0 5.0 8.0 1.0 6.0 5.0 5.0 2.0 4.0 8.0 1.0 9.0 0.0 4.0 4.0 9.0 9.0 9.0 9.0 2.0 8.0 1.0 2.0 9.0 0.0 0.0 5.0 6.0 4.0 5.0 6.0 2.0 1.0 3.0 5.0 1.0 3.0 0.0 3.0 2.0 7.0 8.0 1.0 9.0 4.0 1.0 8.0 4.0 3.0 7.0 8.0 4.0 2.0 8.0 8.0 9.0 7.0 8.0 5.0 2.0 3.0 5.0 8.0 7.0 6.0 472.0 4.0 7.0 3.0 4.0
3.0 9.0 4.0 5.0 5.0 8.0 0.0 6.0 2.0 8.0 4.0 4.0 1.0 4.0 3.0 7.0 6.0 1.0 3.0 5.0 3.0 7.0 6.0 9.0 2.0 0.0 4.0 2.0 4.0 6.0 1.0 2.0 3.0 3.0 7.0 5.0 8.0 8.0 7.0 8.0 0.0 4.0 7.0 8.0 3.0 2.0 8.0 7.0 4.0 7.0 3.0 3.0 9.0 6.0 3.0 2.0 7.0 3.0 7.0 7.0 2.0 5.0 7.0 2.0 7.0 9.0 2.0 1.0 6.0 2.0 2.0 9.0 4.0 5.0 6.0 8.0 1.0 3.0 8.0 3.0 3.0 7.0 4.0 1.0 1.0 9.0 9.0 9.0 1.0 7.0 5.0 1.0 5.0 2.0 6.0 1.0 460.0 6.0 1.0 1.0
2.0 3.0 7.0 0.0 8.0 0.0 1.0 6.0 9.0 0.0 3.0 6.0 9.0 4.0 6.0 4.0 1.0 0.0 9.0 5.0 0.0 9.0 9.0 6.0 6.0 6.0 3.0 4.0 0.0 0.0 8.0 8.0 4.0 1.0 9.0 4.0 4.0 8.0 4.0 5.0 6.0 5.0 4.0 7.0 2.0 2.0 5.0 6.0 1.0 5.0 1.0 5.0 5.0 7.0 3.0 8.0 6.0 5.0 6.0 8.0 5.0 6.0 0.0 0.0 2.0 9.0 7.0 2.0 4.0 8.0 6.0 3.0 7.0 8.0 8.0 4.0 0.0 6.0 9.0 4.0 6.0 3.0 2.0 8.0 5.0 1.0 9.0 5.0 0.0 0.0 2.0 0.0 5.0 8.0 6.0 6.0 0.0 456.0 4.0 1.0
8.0 5.0 8.0 8.0 0.0 0.0 6.0 8.0 9.0 3.0 2.0 5.0 6.0 5.0 7.0 8.0 6.0 3.0 9.0 3.0 8.0 0.0 2.0 9.0 2.0 8.0 6.0 4.0 4.0 3.0 6.0 8.0 1.0 4.0 5.0 0.0 6.0 8.0 2.0 1.0 1.0 2.0 5.0 3.0 2.0 2.0 9.0 0.0 1.0 2.0 9.0 8.0 7.0 5.0 5.0 9.0 5.0 9.0 8.0 4.0 7.0 1.0 6.0 0.0 9.0 9.0 5.0 0.0 1.0 8.0 6.0 0.0 9.0 0.0 2.0 0.0 9.0 7.0 9.0 0.0 6.0 1.0 0.0 4.0 0.0 5.0 7.0 0.0 8.0 5.0 4.0 4.0 9.0 1.0 3.0 2.0 0.0 9.0 456.0 4.0
2.0 7.0 6.0 1.0 9.0 4.0 1.0 6.0 0.0 2.0 1.0 3.0 9.0 4.0 7.0 3.0 9.0 3.0 1.0 6.0 9.0 3.0 6.0 4.0 7.0 3.0 1.0 9.0 8.0 8.0 6.0 5.0 1.0 6.0 9.0 5.0 3.0 6.0 7.0 1.0 0.0 4.0 1.0 1.0 4.0 7.0 6.0 1.0 5.0 4.0 2.0 5.0 6.0 0.0 1.0 0.0 2.0 8.0 3.0 2.0 5.0 0.0 6.0 3.0 3.0 3.0 7.0 6.0 1.0 8.0 8.0 5.0 9.0 3.0 4.0 5.0 8.0 6.0 9.0 6.0 5.0 6.0 4.0 0.0 7.0 9.0 2.0 0.0 1.0 5.0 2.0 2.0 0.0 0.0 1.0 0.0 7.0 0.0 8.0 423.0
